     0/399    0.619G     0.115   0.09063     0.048    0.2537        11       320         0         0  0.008872  0.001599   0.09294   0.09287   0.04632
     1/399    0.524G   0.08668   0.08035   0.04557    0.2126         3       320   0.04925    0.9792    0.2655   0.08334    0.0634   0.06273   0.04324
     2/399    0.524G   0.06979   0.06655   0.04303    0.1794        14       320    0.1096    0.9896    0.3044    0.1052   0.05249   0.05594   0.04121
     3/399    0.524G    0.0668   0.06364    0.0424    0.1729        11       320    0.1259    0.9082     0.337    0.1119   0.06159   0.05354   0.04184
     4/399    0.524G   0.06608   0.06587    0.0418    0.1738         8       320    0.1092    0.9792    0.4221    0.1556   0.05341   0.05318   0.04158
     5/399    0.524G    0.0625   0.06515   0.04125    0.1689         7       320   0.09348    0.9896    0.3741    0.1082   0.05252   0.05132   0.04052
     6/399    0.524G   0.06514   0.06207   0.04041    0.1676         6       320    0.1831     0.964    0.5207    0.2105   0.04948   0.05244    0.0375
     7/399    0.524G   0.05953    0.0654    0.0385    0.1634        13       320   0.09022    0.9896    0.3058   0.06575   0.05812   0.05333   0.03432
     8/399    0.524G   0.06007   0.05774   0.03667    0.1545        13       320    0.2086    0.9754    0.4802    0.1717    0.0487     0.051   0.03914
     9/399    0.524G   0.05814   0.06356   0.03481    0.1565         8       320    0.2024    0.9764     0.685    0.3116   0.04489   0.05125   0.02922
    10/399    0.524G   0.05643   0.06219   0.03223    0.1509         9       320     0.133    0.9744    0.3162   0.08663   0.07632   0.05098   0.02583
    11/399    0.524G   0.06021   0.06318   0.03239    0.1558        10       320    0.2343    0.9896    0.6854     0.251   0.04408   0.05166   0.02699
    12/399    0.524G   0.05289   0.06303   0.03077    0.1467        10       320    0.1871    0.9801    0.6365    0.2546   0.04566   0.05116   0.02932
    13/399    0.524G   0.06028   0.06476   0.02959    0.1546        10       320    0.1568    0.9849     0.717    0.2901   0.05582     0.054   0.02551
    14/399    0.524G   0.05624   0.06402   0.02881    0.1491         6       320    0.2057    0.9896    0.6495    0.2271   0.04929   0.05241   0.02318
    15/399    0.524G   0.05418   0.06894   0.02988     0.153        15       320     0.098    0.9613    0.4236   0.08963   0.07039   0.05969   0.02369
    16/399    0.524G   0.06238   0.07616   0.03313    0.1717         9       320    0.2008    0.8262    0.4767    0.0995   0.05347   0.05391   0.03156
    17/399    0.524G   0.05232    0.0639   0.03278     0.149        10       320    0.2326    0.9792    0.7043    0.2071   0.04949   0.05278   0.02171
    18/399    0.524G   0.05062    0.0657   0.03033    0.1467        12       320    0.3113     0.982    0.7125    0.2728   0.04413    0.0516   0.01868
    19/399    0.524G   0.04898    0.0657   0.02793    0.1426        13       320    0.3788     0.982    0.7107    0.2949   0.04107   0.05062   0.02302
    20/399    0.524G   0.04747    0.0629    0.0245    0.1349         8       320    0.4621    0.9536    0.7327    0.2947   0.04374   0.05111   0.02038
    21/399    0.524G   0.04712   0.06149   0.02437     0.133         5       320    0.4971    0.9894    0.8057    0.3605   0.04017   0.04975   0.01714
    22/399    0.524G   0.04325   0.06214   0.02529    0.1307         7       320    0.5582    0.9688     0.785    0.3738   0.03715   0.04963   0.01606
    23/399    0.524G   0.04192   0.05995   0.02484    0.1267        20       320    0.5813    0.9744    0.8718     0.372    0.0393    0.0512   0.01508
    24/399    0.524G   0.04301   0.06144   0.02586    0.1303        12       320    0.5379    0.9764    0.9101    0.3864    0.0389   0.05074   0.01627
    25/399    0.524G   0.04025   0.06014    0.0234    0.1238         3       320     0.626    0.9688    0.8793    0.4177   0.03643   0.05132   0.01562
    26/399    0.524G   0.04086   0.06212   0.02297    0.1259        13       320    0.5313    0.9716    0.9329    0.4614   0.03541   0.05079   0.01509
    27/399    0.524G   0.04302   0.06163   0.02112    0.1258         9       320    0.6291    0.9896    0.9653    0.4582   0.03642   0.05074  0.009738
    28/399    0.524G   0.04128   0.06137   0.02053    0.1232         7       320    0.6462    0.9896    0.9762    0.4823   0.03592   0.05027   0.01082
    29/399    0.524G    0.0405   0.06104   0.02003    0.1216        13       320    0.6028    0.9773    0.9471    0.4191   0.03666    0.0508  0.008036
    30/399    0.524G   0.03906   0.06042   0.01846    0.1179         9       320    0.6358    0.9849     0.977    0.4817   0.03479   0.04917  0.008816
    31/399    0.524G   0.04015   0.06042   0.01656    0.1171         5       320    0.6752    0.9669    0.9542    0.4532   0.03562   0.04878  0.006033
    32/399    0.524G   0.04062   0.06179   0.01793    0.1203        11       320    0.6217    0.9697    0.9657    0.4849   0.03495    0.0501   0.01244
    33/399    0.524G   0.03972   0.06085   0.01895    0.1195        11       320    0.6874    0.9764    0.9651    0.4601   0.03591   0.04994   0.01156
    34/399    0.524G   0.03976   0.05821   0.01955    0.1175        12       320    0.5975      0.97    0.9697    0.4589    0.0367   0.05021   0.01265
    35/399    0.524G   0.03996   0.06077   0.01548    0.1162         7       320    0.7319    0.9792    0.9696    0.4653   0.03794   0.05081  0.006126
    36/399    0.524G   0.03949   0.06246   0.01409     0.116         5       320     0.771    0.9744    0.9625    0.4278   0.03678   0.04993  0.006525
    37/399    0.524G   0.04027   0.06012   0.02108    0.1215        12       320    0.6443    0.9565    0.9589    0.4661   0.03536   0.04971   0.01067
    38/399    0.524G   0.03857   0.05944    0.0177    0.1157        10       320    0.7413    0.9896    0.9839    0.4711   0.03417   0.04971  0.009131
    39/399    0.524G   0.03934   0.05932   0.01617    0.1148         9       320     0.774     0.968    0.9591     0.475   0.03779   0.05135  0.004461
    40/399    0.524G   0.04028   0.06173   0.01404     0.116        13       320    0.8254    0.9849    0.9831    0.4718   0.03481   0.05074  0.004577
    41/399    0.524G   0.03961    0.0614   0.01406    0.1151         5       320    0.8532     0.964    0.9542    0.4643   0.03522   0.04978  0.008649
    42/399    0.524G   0.04022   0.06013     0.012    0.1124         6       320    0.7948    0.9744    0.9727    0.4912   0.03433   0.04981   0.01044
    43/399    0.524G   0.03749    0.0608   0.01255    0.1108         9       320    0.8443    0.9792    0.9648      0.48   0.03455   0.04879  0.004213
    44/399    0.524G   0.03967   0.06166   0.01323    0.1146        11       320    0.7788    0.9792    0.9694    0.5083   0.03558   0.04905  0.004825
    45/399    0.524G   0.03949    0.0596   0.01163    0.1107         6       320    0.8063    0.9864    0.9796    0.4659   0.03648   0.04929  0.004877
    46/399    0.524G   0.03942   0.05842   0.01076    0.1086         7       320    0.9038    0.9688    0.9688    0.4888   0.03517   0.04981  0.004663
    47/399    0.524G   0.03886   0.06305   0.01016    0.1121        19       320    0.7632    0.9697    0.9736    0.4674   0.03493   0.04934  0.005362
    48/399    0.524G   0.03848   0.06179   0.01065    0.1109        13       320    0.8648    0.9669    0.9693    0.4981    0.0348   0.05012  0.004194
    49/399    0.524G   0.03777   0.06045  0.009729     0.108         7       320    0.8906    0.9792    0.9687    0.4803   0.03459    0.0496   0.00245
    50/399    0.524G    0.0378   0.05991   0.01251    0.1102        14       320    0.8842     0.966    0.9684    0.4798   0.03464   0.04935   0.00371
    51/399    0.524G   0.03657   0.05945  0.009086    0.1051         7       320      0.92    0.9896    0.9809       0.5   0.03436   0.04941  0.002878
    52/399    0.524G   0.03717   0.05783   0.01662    0.1116        10       320    0.7486    0.9134    0.9116    0.4495   0.03619   0.04988  0.007737
    53/399    0.524G   0.03772   0.06007   0.01758    0.1154         9       320    0.7374    0.9744     0.963    0.4914   0.03466   0.04911   0.01102
    54/399    0.524G   0.03707   0.06161   0.01269    0.1114         4       320    0.8553    0.9744    0.9749    0.4984   0.03444   0.04921  0.003178
    55/399    0.524G   0.03755   0.06149   0.01277    0.1118        11       320    0.8382    0.9849    0.9801    0.4657   0.03536   0.04921  0.002986
    56/399    0.524G   0.03833   0.06137   0.01222    0.1119         8       320    0.8493    0.9849    0.9801    0.5006    0.0349   0.04979  0.003909
    57/399    0.524G   0.03782   0.06042  0.009825    0.1081        11       320    0.9134    0.9849    0.9816    0.4885   0.03488   0.04907    0.0032
    58/399    0.524G   0.03909   0.06074  0.009034    0.1089         9       320    0.9201    0.9773    0.9673    0.5031   0.03381   0.04876   0.00242
    59/399    0.524G   0.03805   0.06181  0.009852    0.1097         8       320    0.9111    0.9849    0.9833    0.5072   0.03459   0.04879  0.002864
    60/399    0.524G   0.03721   0.05728  0.008991    0.1035         9       320    0.8637    0.9744     0.973    0.5056   0.03385   0.04909  0.002736
    61/399    0.524G   0.03727   0.06173  0.009074    0.1081         8       320    0.8595    0.9744    0.9733    0.4907   0.03451   0.04906  0.002925
    62/399    0.524G   0.03628   0.05991  0.008353    0.1045        11       320    0.9034    0.9849    0.9819    0.4893   0.03421   0.04943  0.002248
    63/399    0.524G   0.03745   0.06233  0.009494    0.1093        12       320    0.8612    0.9896    0.9817    0.4741    0.0354   0.04963  0.002727
    64/399    0.524G   0.03782   0.06054  0.007934    0.1063         5       320     0.894    0.9792    0.9686    0.5028   0.03442    0.0498  0.002598
    65/399    0.524G   0.03929    0.0591  0.008679    0.1071         4       320    0.9111    0.9896    0.9836    0.4682   0.03563   0.04924  0.002216
    66/399    0.524G   0.03617   0.05779   0.00836    0.1023        10       320    0.9012    0.9792    0.9658     0.484   0.03444   0.04899  0.002507
    67/399    0.524G   0.03653   0.06144   0.00753    0.1055         5       320    0.9056    0.9895    0.9793    0.4998   0.03394   0.04897  0.003181
    68/399    0.524G   0.03679   0.05729   0.00753    0.1016         5       320    0.9241    0.9744    0.9736    0.5042    0.0339   0.04926  0.002434
    69/399    0.524G   0.03669   0.05713  0.008153     0.102        19       320     0.924    0.9896     0.984    0.5058   0.03387   0.04913  0.002468
    70/399    0.524G    0.0362   0.05883  0.006978     0.102        13       320    0.9305    0.9849    0.9845    0.5041   0.03453   0.04929  0.002157
    71/399    0.524G   0.03695   0.06155  0.006786    0.1053         5       320    0.9143    0.9744    0.9648    0.4793   0.03537   0.04957  0.002231
    72/399    0.524G   0.03816   0.06055  0.007801    0.1065         8       320    0.9378    0.9783    0.9673    0.4951   0.03368   0.04964   0.00209
    73/399    0.524G   0.03715   0.06216  0.007745    0.1071        10       320    0.9206    0.9849    0.9811     0.489   0.03482   0.04949  0.002498
    74/399    0.524G   0.03757   0.06038  0.006975    0.1049        19       320    0.8955    0.9744    0.9659     0.526    0.0335   0.04901  0.003128
    75/399    0.524G   0.03668   0.05752  0.006237    0.1004         9       320    0.9041    0.9792     0.966    0.5131   0.03364   0.04946  0.002461
    76/399    0.524G   0.03633    0.0602  0.006223    0.1028        19       320    0.9291    0.9792    0.9765    0.5164   0.03351   0.04921  0.001957
    77/399    0.524G   0.03637   0.06094  0.005897    0.1032        12       320    0.8976    0.9744    0.9714    0.4959    0.0342   0.04931  0.002094
    78/399    0.524G   0.03576   0.06067  0.006759    0.1032        16       320     0.932    0.9744     0.964    0.5168   0.03425   0.04939  0.002546
    79/399    0.524G   0.03656   0.05941  0.007061     0.103         9       320    0.9275    0.9849    0.9827    0.5258   0.03333   0.04898   0.00301
    80/399    0.524G    0.0372   0.06004  0.006119    0.1034         4       320    0.8957    0.9849    0.9802    0.5165   0.03345   0.04902  0.002278
    81/399    0.524G   0.03629   0.05862  0.005997    0.1009        10       320    0.9439    0.9896    0.9844    0.5039    0.0333    0.0506  0.001924
    82/399    0.524G   0.03592   0.05871   0.00586    0.1005         8       320    0.9341    0.9744    0.9739    0.4813   0.03483    0.0496  0.001968
    83/399    0.524G   0.03661   0.05921   0.00543    0.1013         9       320    0.9234    0.9896    0.9843     0.512   0.03404    0.0492   0.00186
    84/399    0.524G   0.03593    0.0592  0.006853     0.102        15       320    0.9119    0.9792    0.9741    0.5122   0.03355   0.04919  0.002289
    85/399    0.524G   0.03572   0.06059  0.006841    0.1032        10       320    0.9158    0.9849     0.979    0.5014   0.03399    0.0491  0.002594
    86/399    0.524G   0.03637   0.05841  0.006405    0.1012        11       320    0.9204    0.9744    0.9688    0.4936   0.03406   0.04966  0.002188
    87/399    0.524G   0.03615   0.05898  0.006009    0.1011        10       320     0.936    0.9744    0.9699    0.4808   0.03554   0.05028  0.002232
    88/399    0.524G   0.03537    0.0576   0.00652   0.09949         3       320      0.94    0.9744    0.9764    0.5124   0.03357   0.04926  0.001917
    89/399    0.524G   0.03556   0.05911  0.005328   0.09999         8       320    0.9585    0.9849    0.9839    0.5102   0.03371   0.04911  0.001747
    90/399    0.524G   0.03626   0.05899  0.005031    0.1003         7       320     0.915    0.9849    0.9804    0.4764   0.03421      0.05  0.002044
    91/399    0.524G   0.03619   0.05935  0.005022    0.1006        18       320    0.9116    0.9792    0.9701    0.4959   0.03385    0.0495  0.001699
    92/399    0.524G   0.03556   0.05961  0.005617    0.1008         8       320    0.9299    0.9896    0.9838    0.5017   0.03399   0.04969  0.001772
    93/399    0.524G   0.03559   0.05914  0.005964    0.1007         9       320    0.9472    0.9849    0.9818    0.5025   0.03352   0.04934   0.00212
    94/399    0.524G   0.03654   0.06193  0.006135    0.1046         7       320    0.9499    0.9849    0.9822    0.5015   0.03364    0.0494    0.0022
    95/399    0.524G   0.03491   0.05865  0.006443   0.09999         5       320    0.9346    0.9896    0.9844    0.5141   0.03354   0.04946  0.002057
    96/399    0.524G   0.03626   0.06132  0.005829    0.1034        12       320    0.9145    0.9744    0.9745    0.5009   0.03378   0.04931  0.002139
    97/399    0.524G   0.03548   0.05795  0.005059   0.09848        12       320    0.9141    0.9849    0.9817     0.503   0.03352   0.04931  0.002486
    98/399    0.524G   0.03524     0.059  0.005101   0.09935        19       320    0.9222    0.9744    0.9776    0.4992   0.03357   0.04946   0.00177
    99/399    0.524G   0.03602   0.05698  0.005889   0.09889        20       320    0.9388    0.9896    0.9849     0.507   0.03386   0.04933  0.001609
   100/399    0.524G   0.03486    0.0561  0.005328   0.09629        12       320    0.9345    0.9849    0.9827    0.5101   0.03351   0.04931  0.002189
   101/399    0.524G   0.03484   0.05925   0.00572   0.09981         5       320    0.9179    0.9744    0.9764     0.507   0.03339   0.04975  0.002082
   102/399    0.524G    0.0355   0.05803  0.005913   0.09944        11       320    0.9303    0.9896    0.9841    0.4973   0.03409   0.04993  0.002228
   103/399    0.524G   0.03492   0.05877  0.006284   0.09997        19       320     0.935    0.9792     0.971    0.4999   0.03389   0.04984  0.001953
   104/399    0.524G   0.03468   0.05639  0.005868   0.09694         3       320    0.9403    0.9849    0.9814    0.5064   0.03367   0.05001  0.001949
   105/399    0.524G   0.03596    0.0581  0.005835   0.09989        10       320    0.9204    0.9744    0.9746    0.5148   0.03343   0.04969  0.002087
   106/399    0.524G   0.03571   0.05851  0.005262   0.09948        10       320    0.9185    0.9744    0.9744    0.5156    0.0337   0.04952   0.00236
   107/399    0.524G   0.03517   0.05962  0.004938   0.09973         9       320    0.9372    0.9744    0.9647    0.5178   0.03294   0.04907  0.002038
   108/399    0.524G   0.03595   0.06137  0.005388    0.1027        21       320    0.9274    0.9744    0.9659     0.511    0.0335   0.04927  0.002066
   109/399    0.524G   0.03616   0.05865  0.005268    0.1001        17       320     0.913    0.9792    0.9676    0.5008    0.0338   0.04983  0.002221
   110/399    0.524G   0.03465   0.05834  0.005039   0.09804        10       320    0.9269    0.9744    0.9607    0.5111   0.03286   0.04975  0.002295
   111/399    0.524G    0.0348   0.05865  0.004852    0.0983         6       320    0.8762    0.9744    0.9646    0.4942   0.03397   0.04935  0.002148
   112/399    0.524G   0.03527   0.05736  0.005155   0.09778         8       320    0.9163    0.9849    0.9786    0.5132   0.03382   0.04921  0.002647
   113/399    0.524G   0.03505   0.05995  0.004354   0.09935        14       320    0.9213    0.9849      0.98    0.4946   0.03417   0.04976  0.002554
   114/399    0.524G   0.03536   0.05871  0.004467   0.09854        15       320    0.9192    0.9744    0.9703    0.5077   0.03381    0.0502  0.002232
   115/399    0.524G   0.03566    0.0587  0.003741    0.0981        14       320    0.9371    0.9849     0.982    0.5139   0.03329   0.04892  0.002316
   116/399    0.524G   0.03526    0.0574  0.004764   0.09742        12       320    0.9205    0.9744     0.972    0.5105   0.03317   0.04919  0.002386
   117/399    0.524G   0.03421   0.05985  0.004835    0.0989        12       320    0.9303    0.9849    0.9784    0.5035   0.03375   0.04974  0.002652
   118/399    0.524G   0.03451   0.05664  0.004803   0.09596         8       320      0.92    0.9744    0.9726     0.513   0.03343   0.04977  0.002209
   119/399    0.524G   0.03518   0.06059  0.005018    0.1008        13       320    0.9123    0.9792    0.9703    0.5167   0.03377   0.04911  0.001581
   120/399    0.524G   0.03629   0.05755  0.004792   0.09863         6       320    0.9207    0.9792    0.9779    0.5129   0.03356    0.0493   0.00138
   121/399    0.524G   0.03418   0.05832  0.003895    0.0964        11       320    0.9206    0.9792    0.9727    0.5085   0.03367   0.04937  0.001294
   122/399    0.524G   0.03476   0.05974  0.004853   0.09935         9       320    0.9293    0.9792    0.9734    0.5238    0.0331   0.04898  0.001239
   123/399    0.524G   0.03491   0.05793  0.004147   0.09698         8       320    0.9239    0.9849    0.9835    0.5091   0.03351   0.04895  0.001818
   124/399    0.524G   0.03495   0.05796  0.004951   0.09787        10       320    0.9378    0.9849    0.9812    0.5147   0.03318   0.04992  0.002148
   125/399    0.524G   0.03543   0.05928  0.004177   0.09889        12       320    0.9136    0.9744    0.9752    0.5182   0.03348   0.04945  0.002481
   126/399    0.524G   0.03597   0.05707   0.00334   0.09639        13       320    0.9061    0.9744    0.9778    0.4954   0.03434   0.04984   0.00314
   127/399    0.524G   0.03484   0.05816   0.00434   0.09734        13       320    0.9303    0.9849    0.9798    0.5132   0.03352   0.05016  0.002182
   128/399    0.524G   0.03453    0.0582  0.004655   0.09739        17       320    0.9041    0.9744    0.9629    0.5077    0.0331   0.04968  0.002613
   129/399    0.524G   0.03446   0.05704  0.003928   0.09543         7       320    0.9032    0.9849    0.9796    0.5099   0.03309    0.0493  0.002723
   130/399    0.524G   0.03423   0.05972  0.003827   0.09777        10       320    0.9482    0.9849    0.9815    0.5239   0.03318   0.04925  0.001774
   131/399    0.524G    0.0337   0.05639  0.004492   0.09459         5       320    0.9223    0.9744    0.9658    0.5042   0.03353   0.04932  0.002768
   132/399    0.524G   0.03536   0.05795  0.004889    0.0982         5       320    0.9264    0.9849    0.9808    0.5033   0.03282   0.04973  0.002534
   133/399    0.524G   0.03426   0.05703  0.004597   0.09589         5       320    0.9081    0.9744    0.9705    0.5152   0.03345   0.04963  0.002331
   134/399    0.524G   0.03359   0.05862  0.003726   0.09593         5       320    0.9441    0.9849     0.979    0.5101   0.03293   0.04948  0.002061
   135/399    0.524G   0.03427   0.05851  0.003699   0.09648        11       320    0.9479    0.9849    0.9823    0.5149   0.03305    0.0492  0.001967
   136/399    0.524G   0.03447   0.05621  0.003841   0.09452         9       320      0.94    0.9849    0.9815    0.5226   0.03287   0.04966  0.002155
   137/399    0.524G   0.03445    0.0576  0.003885   0.09594        14       320    0.9361    0.9849    0.9801    0.5087   0.03305   0.04961  0.002048
   138/399    0.524G   0.03365   0.05665  0.004001    0.0943         5       320    0.9219    0.9849    0.9775    0.5118   0.03349   0.05051  0.002446
   139/399    0.524G   0.03424   0.05615  0.005337   0.09572         5       320    0.9103    0.9849    0.9785    0.4975   0.03391   0.05094  0.002488
   140/399    0.524G   0.03361   0.05812  0.004306   0.09604         7       320    0.9508    0.9849    0.9794    0.4868   0.03432   0.05101  0.001915
   141/399    0.524G    0.0343   0.05561  0.004064   0.09398        13       320    0.9606    0.9849    0.9819    0.4953   0.03417     0.051  0.001654
   142/399    0.524G   0.03472   0.05591  0.004114   0.09475        13       320     0.946    0.9849    0.9834    0.4991    0.0339   0.04972  0.001746
   143/399    0.524G   0.03422   0.05773   0.00412   0.09607        14       320    0.9371    0.9849    0.9817    0.5127   0.03323   0.04991  0.001997
   144/399    0.524G   0.03397   0.05905  0.003792   0.09682         8       320     0.934    0.9849    0.9796    0.5017   0.03302   0.04956  0.001821
   145/399    0.524G    0.0339   0.05924  0.003722   0.09686        17       320    0.9381    0.9849     0.982    0.5135    0.0329   0.04962   0.00197
   146/399    0.524G   0.03393   0.05637  0.002857   0.09316        10       320    0.9373    0.9849    0.9805    0.4992   0.03305   0.05022  0.002066
   147/399    0.524G   0.03397   0.05616  0.003115   0.09325         8       320    0.9342    0.9849      0.98    0.5067   0.03362   0.05019  0.002096
   148/399    0.524G   0.03398   0.05711  0.003996   0.09509        16       320     0.935    0.9849     0.979    0.4904   0.03406   0.04991  0.002045
   149/399    0.524G   0.03355    0.0575  0.003946   0.09499        13       320    0.9214    0.9744    0.9697    0.4845   0.03428   0.05043  0.001958
   150/399    0.524G   0.03374   0.06007  0.003727   0.09754         5       320    0.9144    0.9744    0.9708    0.4724   0.03403    0.0499  0.002009
   151/399    0.524G    0.0344   0.05742   0.00426   0.09608         6       320    0.9482    0.9896    0.9806    0.4972   0.03349   0.04976  0.001518
   152/399    0.524G   0.03321   0.05917  0.004551   0.09694        15       320    0.9228    0.9792    0.9722    0.5017    0.0341   0.04962  0.001693
   153/399    0.524G   0.03392   0.05719  0.005096   0.09621        11       320    0.8987    0.9744     0.968     0.494   0.03363   0.04959  0.002029
   154/399    0.524G   0.03382   0.05907   0.00388   0.09677         7       320    0.9376    0.9896    0.9847    0.5137   0.03363   0.04985  0.001567
   155/399    0.524G    0.0344   0.05759  0.003512    0.0955         7       320    0.9504    0.9849    0.9836    0.5067    0.0331    0.0494  0.001888
   156/399    0.524G   0.03346   0.05462  0.003784   0.09187        11       320    0.9383    0.9744    0.9711    0.5126   0.03291   0.04911  0.002056
   157/399    0.524G   0.03376   0.05609  0.003637   0.09349         8       320    0.9258    0.9744    0.9673    0.4959   0.03381   0.05011  0.002245
   158/399    0.524G    0.0334   0.05466  0.003739    0.0918         7       320    0.9459    0.9849    0.9831    0.5062   0.03349   0.04999  0.001872
   159/399    0.524G   0.03368   0.05701  0.003534   0.09423         4       320    0.9511    0.9849    0.9835    0.5066     0.034   0.05028  0.001863
   160/399    0.524G   0.03455   0.05703  0.003425   0.09501        19       320    0.9478    0.9849    0.9823    0.5038   0.03385   0.04994  0.001916
   161/399    0.524G   0.03328   0.05762  0.003526   0.09442        15       320    0.9465    0.9849    0.9835    0.5152   0.03315   0.04961  0.001955
   162/399    0.524G   0.03362    0.0586   0.00354   0.09576        10       320     0.941    0.9744    0.9765    0.5104   0.03318   0.04939  0.001822
   163/399    0.524G   0.03293   0.05629  0.004063   0.09328        13       320    0.9479    0.9849    0.9832    0.5093   0.03331   0.04936  0.001992
   164/399    0.524G   0.03266   0.05659  0.003642   0.09288         7       320    0.9537    0.9849    0.9815    0.4946   0.03324    0.0499  0.001919
   165/399    0.524G   0.03303   0.05624  0.003508   0.09277        19       320     0.954    0.9849    0.9816    0.4995   0.03368   0.04992  0.001907
   166/399    0.524G   0.03235   0.05613   0.00359   0.09208        12       320    0.9324    0.9849    0.9777    0.5082   0.03309   0.04975   0.00215
   167/399    0.524G   0.03295   0.05709  0.003803   0.09384        17       320    0.9362    0.9849    0.9806    0.5024   0.03358   0.04935  0.001973
   168/399    0.524G   0.03331   0.05629  0.003268   0.09287        12       320    0.9339    0.9744     0.978     0.505   0.03349   0.04986  0.001918
   169/399    0.524G   0.03275   0.05617  0.003025   0.09194         6       320    0.9189    0.9744    0.9702    0.5099   0.03355   0.04956  0.001881
   170/399    0.524G   0.03336   0.05479  0.003075   0.09122         5       320    0.9366    0.9849    0.9819    0.5025   0.03296   0.04966  0.001939
   171/399    0.524G   0.03365   0.05948   0.00323   0.09636        15       320    0.9489    0.9849    0.9832    0.5063   0.03304   0.04935    0.0018
   172/399    0.524G   0.03274   0.05715  0.003219    0.0931        15       320    0.9323    0.9849    0.9835     0.515   0.03304   0.04951  0.001927
   173/399    0.524G   0.03277   0.05839  0.003267   0.09443         4       320    0.9242    0.9744    0.9709    0.5114   0.03289   0.04868  0.001861
   174/399    0.524G   0.03365   0.05834  0.003428   0.09542        14       320    0.9509    0.9849     0.984    0.5058   0.03329   0.04937  0.001844
   175/399    0.524G   0.03305   0.05747  0.003054   0.09357        12       320    0.9372    0.9744    0.9715    0.4842   0.03423   0.04939  0.002254
   176/399    0.524G    0.0337   0.05803  0.003644   0.09538        10       320    0.9418    0.9744    0.9704    0.5021   0.03359   0.04974  0.001706
   177/399    0.524G   0.03317   0.05558  0.003643    0.0924         6       320    0.9503    0.9849     0.982     0.499   0.03404   0.04978  0.001759
   178/399    0.524G   0.03234   0.05874  0.003238   0.09432        13       320    0.9405    0.9744    0.9701    0.5022   0.03429   0.05016   0.00168
   179/399    0.524G   0.03204   0.05732  0.003709   0.09307         7       320    0.9529    0.9849    0.9828    0.4921   0.03413   0.05015  0.001884
   180/399    0.524G   0.03342   0.05703  0.003315   0.09377        12       320    0.9561    0.9849    0.9828    0.5065   0.03347   0.04984  0.001802
   181/399    0.524G   0.03259   0.05319  0.002953   0.08874         7       320    0.9238    0.9849    0.9836     0.505   0.03385    0.0498  0.002023
   182/399    0.524G   0.03265   0.05955  0.003015   0.09522        14       320    0.9359    0.9849    0.9833    0.4881   0.03354   0.04944  0.002649
   183/399    0.524G   0.03244   0.05398  0.003016   0.08944         7       320    0.9335    0.9737    0.9691    0.4936   0.03402   0.05016  0.002498
   184/399    0.524G   0.03224   0.05696   0.00307   0.09227        17       320    0.9352    0.9849    0.9831     0.495   0.03399   0.05045  0.002485
   185/399    0.524G   0.03268   0.05496  0.003082   0.09072        17       320    0.9379    0.9849    0.9821     0.487   0.03392   0.05051  0.002413
   186/399    0.524G   0.03248   0.05638  0.002819   0.09168         4       320    0.9324    0.9744    0.9696    0.4974   0.03385   0.05055  0.002214
   187/399    0.524G   0.03296   0.05694   0.00362   0.09352         7       320    0.9369    0.9744    0.9682    0.4907   0.03365   0.05055  0.002729
   188/399    0.524G   0.03194   0.05507  0.003203   0.09022        16       320    0.9385    0.9849    0.9809    0.4866   0.03413    0.0506  0.003152
   189/399    0.524G   0.03181   0.05704  0.003034   0.09188        11       320    0.9297    0.9744     0.979    0.4936   0.03372   0.05033  0.002363
   190/399    0.524G   0.03263   0.05613  0.003158   0.09191        15       320    0.9374    0.9744    0.9716    0.5068     0.034   0.05078   0.00198
   191/399    0.524G   0.03204   0.05872  0.003034    0.0938         6       320    0.9322    0.9849    0.9792    0.4986   0.03388   0.05107  0.002752
   192/399    0.524G   0.03244   0.05728  0.002982   0.09271        18       320    0.9489    0.9742    0.9686    0.5007   0.03355   0.05009  0.002662
   193/399    0.524G    0.0322   0.05568  0.003012   0.09089        10       320    0.9436    0.9849     0.982    0.5011   0.03388   0.04975  0.003064
   194/399    0.524G   0.03291   0.05535  0.002865   0.09113        15       320    0.9516    0.9892    0.9841    0.5043   0.03412   0.04958  0.001527
   195/399    0.524G   0.03286   0.05613  0.003575   0.09257        17       320    0.9369    0.9785    0.9734    0.5075    0.0335   0.04985   0.00204
   196/399    0.524G   0.03187   0.05466  0.003349   0.08987         4       320    0.9215    0.9744    0.9703    0.4964   0.03376   0.04989  0.002274
   197/399    0.524G   0.03212   0.05511  0.002942   0.09017         6       320    0.9383    0.9849    0.9822    0.4899   0.03442   0.05093  0.002311
   198/399    0.524G   0.03215   0.05359  0.003108   0.08885        12       320    0.9286    0.9744    0.9704    0.4956   0.03396   0.05029  0.002425
   199/399    0.524G   0.03213   0.05769  0.002751   0.09257        19       320    0.9345    0.9744    0.9696    0.5031   0.03394   0.04994  0.002333
   200/399    0.524G   0.03194   0.05572  0.003062   0.09073        18       320    0.9312    0.9837    0.9765    0.4947   0.03413   0.05119  0.002485
   201/399    0.524G     0.032   0.05572  0.002426   0.09015         9       320    0.9278    0.9849    0.9822    0.4896   0.03407   0.05156  0.002613
   202/399    0.524G   0.03222   0.05684  0.002329   0.09139         9       320    0.9409    0.9849    0.9816    0.5103   0.03367   0.05075  0.002225
   203/399    0.524G   0.03212   0.05671   0.00224   0.09107        16       320    0.9484    0.9849    0.9813    0.5048   0.03377   0.05137  0.001941
   204/399    0.524G   0.03209   0.05679  0.002832   0.09171        11       320    0.9607    0.9849    0.9784    0.4942   0.03464   0.05145  0.001778
   205/399    0.524G   0.03196   0.05568  0.002897   0.09054         8       320    0.9442    0.9849    0.9809    0.4944   0.03362   0.05151  0.001912
   206/399    0.524G   0.03242   0.05349  0.002846   0.08875        13       320    0.9395    0.9849    0.9816    0.4938   0.03366   0.05148  0.001958
   207/399    0.524G   0.03183   0.05457  0.002203    0.0886         9       320    0.9346    0.9849    0.9794    0.4875   0.03366   0.05062  0.002345
   208/399    0.524G   0.03159   0.05662  0.003167   0.09138        20       320    0.9428    0.9849    0.9787    0.4915    0.0341   0.05072   0.00231
   209/399    0.524G   0.03175   0.05416  0.002723   0.08864         5       320    0.9497    0.9848    0.9796    0.4849   0.03429   0.05067  0.002365
   210/399    0.524G   0.03107   0.05441  0.002506   0.08798         5       320    0.9334    0.9744    0.9709    0.4788   0.03498   0.05135   0.00203
   211/399    0.524G    0.0321   0.05493  0.002828   0.08986         5       320    0.9331    0.9744    0.9753    0.4816   0.03431   0.05118  0.002471
   212/399    0.524G   0.03203   0.05528  0.003082   0.09039        15       320    0.9317    0.9849    0.9799    0.4841   0.03394    0.0509   0.00277
   213/399    0.524G   0.03165   0.05742  0.002789   0.09186         9       320    0.9492    0.9849    0.9807    0.4963   0.03382   0.05152  0.002159
   214/399    0.524G   0.03171   0.05792   0.00286   0.09249        13       320     0.952    0.9849    0.9792    0.4834   0.03429   0.05245  0.002041
   215/399    0.524G   0.03151   0.05643  0.002791   0.09073        16       320    0.9536    0.9849    0.9791     0.495    0.0339   0.05157  0.001979
   216/399    0.524G   0.03178   0.05467  0.002849    0.0893        11       320    0.9488    0.9849    0.9808     0.501   0.03341   0.05038  0.002221
   217/399    0.524G   0.03151   0.05459  0.003096    0.0892        12       320    0.9433    0.9744    0.9684    0.4972   0.03332   0.05016  0.002494
   218/399    0.524G   0.03175    0.0549  0.003931   0.09058         7       320    0.9264    0.9744    0.9786    0.4954   0.03395   0.05056  0.002091
   219/399    0.524G   0.03131   0.05619  0.004225   0.09172        15       320    0.9353    0.9744    0.9711    0.4784   0.03501    0.0519   0.00216
   220/399    0.524G   0.03182   0.05518  0.003612   0.09062        18       320    0.9319    0.9744    0.9763    0.4808    0.0352   0.05229  0.001798
   221/399    0.524G   0.03186   0.05355  0.003173   0.08858         8       320    0.9363    0.9744    0.9686    0.4918   0.03411   0.05116  0.001856
   222/399    0.524G   0.03135   0.05617  0.003206   0.09073        17       320    0.9482    0.9849    0.9834    0.4883   0.03401   0.05097  0.002157
   223/399    0.524G   0.03108   0.05443  0.003055   0.08856         9       320    0.9491    0.9849    0.9833    0.4835    0.0346   0.05092  0.002111
   224/399    0.524G   0.03236    0.0549  0.002746   0.09001         7       320    0.9445    0.9849    0.9832    0.5061   0.03375   0.05074  0.002078
   225/399    0.524G   0.03132   0.05383   0.00255    0.0877        11       320    0.9441    0.9849     0.983    0.5028   0.03335   0.05138  0.002201
   226/399    0.524G    0.0315   0.05539  0.002653   0.08955         6       320    0.9572    0.9849    0.9813     0.508   0.03334   0.05167  0.001975
   227/399    0.524G   0.03064   0.05371  0.002684   0.08703         8       320    0.9568    0.9849    0.9808     0.497   0.03395   0.05196  0.001858
   228/399    0.524G   0.03079   0.05507  0.002616   0.08848        15       320    0.9438    0.9744    0.9669    0.4982   0.03416   0.05184  0.001879
   229/399    0.524G   0.03107   0.05386  0.003101   0.08804        11       320    0.9469    0.9744      0.97     0.489   0.03457   0.05213  0.002052
   230/399    0.524G   0.03104   0.05578  0.002532   0.08935        17       320    0.9572    0.9849    0.9823    0.5103   0.03393   0.05095  0.001996
   231/399    0.524G   0.03066   0.05664  0.002636   0.08994         7       320    0.9541    0.9849    0.9822    0.5012   0.03391   0.05181  0.001919
   232/399    0.524G   0.03093   0.05659  0.002141   0.08966        22       320    0.9405    0.9849    0.9828    0.5113   0.03393   0.05198  0.002141
   233/399    0.524G   0.03027   0.05512  0.002326   0.08771        12       320    0.9432    0.9849     0.982       0.5   0.03419   0.05193  0.002193
   234/399    0.524G   0.03019   0.05295  0.002287   0.08543         7       320    0.9502    0.9849    0.9825     0.496    0.0346   0.05238  0.002243
   235/399    0.524G    0.0309   0.05501  0.001879   0.08778         7       320    0.9536    0.9849    0.9799    0.4929   0.03415   0.05208  0.002484
   236/399    0.524G   0.03009   0.05545  0.002421   0.08796        12       320    0.9505    0.9849    0.9815    0.4895   0.03439   0.05221  0.002239
   237/399    0.524G   0.03099   0.05344  0.001984   0.08641        10       320    0.9529    0.9849    0.9833    0.4857   0.03483   0.05202  0.001856
   238/399    0.524G   0.03127   0.05354  0.002676   0.08748         9       320    0.9537    0.9849    0.9836    0.4936   0.03462   0.05295  0.001571
   239/399    0.524G   0.03057   0.05465  0.002817   0.08804         7       320    0.9585    0.9849    0.9843    0.4987   0.03452   0.05334  0.001626
   240/399    0.524G    0.0314   0.05347  0.002658   0.08753         8       320    0.9556    0.9849     0.984    0.5042   0.03373   0.05274  0.001878
   241/399    0.524G   0.03038    0.0551  0.002673   0.08815         8       320    0.9427    0.9744    0.9791    0.5046   0.03403    0.0519  0.002172
   242/399    0.524G   0.03058   0.05333  0.002636   0.08655        13       320    0.9391    0.9744    0.9729    0.4852   0.03474   0.05234  0.002468
   243/399    0.524G   0.03008   0.05616  0.002326   0.08857         8       320    0.9433    0.9744    0.9733    0.4832   0.03479   0.05232   0.00205
   244/399    0.524G   0.03077     0.056  0.002565   0.08933         8       320     0.947    0.9773    0.9694    0.4841   0.03449   0.05206  0.001866
   245/399    0.524G   0.03082   0.05657  0.002165   0.08955        10       320    0.9557    0.9849    0.9829    0.4883   0.03434    0.0518  0.001812
   246/399    0.524G   0.02932   0.05446  0.002241   0.08602        14       320    0.9532    0.9849    0.9807      0.49   0.03408   0.05157  0.002154
   247/399    0.524G   0.03048   0.05477  0.002709   0.08796        15       320    0.9507    0.9849    0.9818    0.4886   0.03419   0.05144  0.002212
   248/399    0.524G   0.03015   0.05317  0.002486    0.0858         8       320    0.9484    0.9849    0.9836    0.4981     0.034   0.05074  0.002093
   249/399    0.524G   0.02999    0.0534  0.002091   0.08548         6       320    0.9521    0.9849    0.9836    0.5183   0.03369   0.05116  0.002059
   250/399    0.524G   0.03012   0.05591  0.002275   0.08831        26       320    0.9548    0.9849    0.9825    0.4883   0.03473   0.05339   0.00203
   251/399    0.524G   0.03025   0.05322  0.002036   0.08551         7       320    0.9556    0.9849    0.9818    0.4927   0.03456   0.05284  0.002014
   252/399    0.524G   0.02952   0.05425  0.002192   0.08596        10       320    0.9559    0.9849    0.9819    0.4964   0.03428   0.05221  0.002007
   253/399    0.524G   0.02962   0.05322  0.001702   0.08454         9       320    0.9569    0.9849    0.9808    0.4992   0.03397   0.05233  0.002442
   254/399    0.524G   0.03035   0.05507  0.001971   0.08739        11       320    0.9558    0.9849    0.9791    0.4966    0.0337   0.05168   0.00249
   255/399    0.524G   0.02976   0.05322  0.001951   0.08493         9       320    0.9565    0.9849    0.9825    0.4976   0.03377   0.05159  0.002129
   256/399    0.524G   0.02975   0.05221  0.002181   0.08414         7       320    0.9479    0.9849    0.9825    0.4978   0.03369   0.05187  0.002065
   257/399    0.524G   0.02963   0.05389  0.002392    0.0859         9       320    0.9329    0.9849    0.9827    0.4946   0.03377   0.05257  0.001866
   258/399    0.524G   0.03011   0.05295  0.001816   0.08488         4       320    0.9085    0.9744    0.9747    0.4815   0.03403   0.05301  0.001909
   259/399    0.524G   0.02937   0.05432  0.001778   0.08547        10       320    0.9182    0.9849    0.9825     0.487   0.03443   0.05338  0.002269
   260/399    0.524G    0.0303   0.05574  0.002229   0.08827         9       320    0.9366    0.9773    0.9653    0.4795   0.03413   0.05353  0.002329
   261/399    0.524G   0.02973   0.05439  0.001726   0.08585         4       320    0.9542    0.9849     0.983    0.4862   0.03398   0.05307  0.001951
   262/399    0.524G   0.02961   0.05479  0.002302   0.08671        21       320     0.953    0.9849    0.9834    0.4886   0.03397    0.0528  0.002085
   263/399    0.524G   0.02881    0.0542  0.001788    0.0848        11       320      0.95    0.9773    0.9649    0.4769   0.03416   0.05274    0.0027
   264/399    0.524G   0.02966   0.05205   0.00215   0.08385        14       320    0.9537    0.9849    0.9789    0.4758   0.03506   0.05443  0.002566
   265/399    0.524G   0.03003   0.05374  0.002164   0.08594         7       320    0.9351    0.9669     0.959    0.4713   0.03491   0.05434  0.002228
   266/399    0.524G   0.02926   0.05218  0.002063    0.0835        15       320    0.9527    0.9849    0.9795    0.4793   0.03456   0.05319  0.002334
   267/399    0.524G   0.02864   0.05629  0.002527   0.08746        21       320    0.9567    0.9849    0.9831    0.4772   0.03478   0.05364  0.001908
   268/399    0.524G   0.02945   0.05462  0.002264   0.08633        12       320    0.9463    0.9744    0.9636    0.4717   0.03463   0.05344  0.002114
   269/399    0.524G   0.02908   0.05269   0.00199   0.08376        18       320    0.9572    0.9849    0.9775    0.4814   0.03486   0.05342  0.002574
   270/399    0.524G   0.02904   0.05287  0.002251   0.08417        18       320    0.9571    0.9849    0.9814    0.4922   0.03422   0.05271  0.002262
   271/399    0.524G   0.02891   0.05483  0.001572   0.08531        10       320    0.9386    0.9669    0.9558     0.483   0.03434   0.05339  0.002048
   272/399    0.524G   0.02942   0.05488  0.001986   0.08629        18       320     0.957    0.9849    0.9815    0.4764   0.03478   0.05371  0.002064
   273/399    0.524G    0.0291   0.05227  0.001703   0.08308        14       320    0.9463    0.9744    0.9653    0.4873   0.03467   0.05291  0.002069
   274/399    0.524G    0.0291   0.05523  0.002179   0.08651        16       320    0.9506    0.9849    0.9829    0.4842   0.03493    0.0532  0.002045
   275/399    0.524G   0.02903   0.05244  0.001565   0.08303        10       320    0.9446    0.9773    0.9687    0.4752   0.03527   0.05382  0.001929
   276/399    0.524G   0.02896   0.05556  0.001728   0.08625        12       320    0.9481    0.9773    0.9666    0.4658   0.03514   0.05415  0.001954
   277/399    0.524G   0.02883   0.05163  0.001893   0.08235         9       320    0.9565    0.9849    0.9821    0.4674   0.03498   0.05393   0.00206
   278/399    0.524G   0.02893   0.05236   0.00178   0.08306        12       320    0.9453    0.9773    0.9683    0.4767   0.03455   0.05342  0.002119
   279/399    0.524G   0.02828   0.05254  0.002326   0.08315         6       320    0.9423    0.9773    0.9671    0.4767   0.03508   0.05326   0.00203
   280/399    0.524G   0.02844   0.05184  0.002429   0.08271         6       320    0.9487    0.9773    0.9651    0.4753   0.03479    0.0545  0.002054
   281/399    0.524G   0.02915   0.05354  0.002188   0.08488         8       320    0.9496    0.9773    0.9667    0.4854   0.03476   0.05418   0.00198
   282/399    0.524G   0.02919   0.05274  0.002284   0.08421        13       320    0.9535    0.9849    0.9828    0.4869   0.03457   0.05387  0.001602
   283/399    0.524G   0.02857   0.05226  0.002051   0.08288         7       320    0.9531    0.9849     0.982    0.4921   0.03479   0.05326   0.00186
   284/399    0.524G   0.02864   0.05267  0.002298   0.08361         8       320    0.9485    0.9849    0.9814    0.4851   0.03485   0.05331  0.001989
   285/399    0.524G   0.02803   0.05305  0.001959   0.08305        17       320    0.9452    0.9849    0.9821    0.4896   0.03423   0.05323  0.002055
   286/399    0.524G   0.02848   0.05108  0.001932    0.0815         9       320    0.9509    0.9849    0.9839    0.4888   0.03455   0.05375  0.002013
   287/399    0.524G   0.02793   0.05226  0.001781   0.08197        15       320    0.9534    0.9849    0.9828    0.4826   0.03453    0.0539  0.002097
   288/399    0.524G   0.02857    0.0531  0.001615   0.08329        15       320    0.9503    0.9849     0.981    0.4818   0.03452   0.05403  0.002217
   289/399    0.524G   0.02824   0.05113  0.001958   0.08133         8       320    0.9493    0.9849    0.9816    0.4795   0.03486   0.05465  0.002058
   290/399    0.524G   0.02859   0.05229  0.002445   0.08332        12       320    0.9527    0.9849    0.9821    0.4909    0.0344   0.05417  0.001898
   291/399    0.524G   0.02794   0.05184  0.001838   0.08161         5       320    0.9557    0.9849    0.9821    0.4971   0.03384     0.054  0.001811
   292/399    0.524G   0.02836   0.05423  0.002271   0.08486        16       320    0.9607    0.9849    0.9814    0.5001   0.03393   0.05413  0.001798
   293/399    0.524G   0.02836   0.05185  0.001679   0.08189         8       320    0.9505    0.9744    0.9676     0.486   0.03454   0.05481  0.001798
   294/399    0.524G   0.02811   0.05573   0.00194   0.08578        15       320    0.9506    0.9744    0.9694    0.4802   0.03482   0.05465  0.001794
   295/399    0.524G   0.02851   0.05206  0.002506   0.08309        16       320    0.9612    0.9849    0.9827    0.4908   0.03461   0.05394   0.00179
   296/399    0.524G   0.02799   0.04987  0.002252   0.08011        15       320    0.9468    0.9744    0.9694    0.4831   0.03454   0.05384  0.001933
   297/399    0.524G   0.02776   0.05073     0.002   0.08049         6       320    0.9475    0.9744    0.9659    0.4758   0.03488   0.05401   0.00217
   298/399    0.524G   0.02787   0.05139  0.002193   0.08145        10       320    0.9345    0.9744    0.9662    0.4872   0.03476   0.05471  0.002178
   299/399    0.524G   0.02858   0.05278  0.001714   0.08307        11       320    0.9365    0.9744    0.9639    0.4651   0.03572   0.05621  0.002321
   300/399    0.524G   0.02788   0.05204  0.002036   0.08195        14       320    0.9308    0.9744    0.9667    0.4656   0.03543   0.05522  0.002276
   301/399    0.524G   0.02827   0.05212  0.001924   0.08231         7       320    0.9318    0.9744    0.9673     0.481   0.03499   0.05419   0.00206
   302/399    0.524G    0.0284   0.05194  0.001717   0.08206        13       320     0.945    0.9744    0.9683     0.486   0.03495   0.05421  0.001918
   303/399    0.524G   0.02791   0.05093  0.002046   0.08089        10       320    0.9462    0.9744    0.9656    0.4822   0.03522   0.05423  0.001902
   304/399    0.524G   0.02833   0.05014  0.001502   0.07997        14       320    0.9607    0.9849    0.9812    0.4793   0.03521    0.0543  0.001878
   305/399    0.524G   0.02755   0.04979  0.002056    0.0794        18       320      0.95    0.9744    0.9667    0.4705   0.03558   0.05511  0.001775
   306/399    0.524G   0.02808   0.05284  0.001727   0.08265         8       320    0.9442    0.9744    0.9702    0.4706   0.03535   0.05526  0.001791
   307/399    0.524G   0.02807   0.05147  0.002216   0.08176         7       320    0.9459    0.9744    0.9688    0.4726   0.03517   0.05496  0.001891
   308/399    0.524G   0.02787   0.05134  0.001746   0.08096        13       320    0.9425    0.9744    0.9689    0.4769   0.03537    0.0547  0.001964
   309/399    0.524G   0.02756   0.05205  0.001609   0.08123         8       320    0.9311    0.9744    0.9681    0.4782    0.0353   0.05475  0.002088
   310/399    0.524G   0.02755   0.04963  0.001899   0.07907         6       320    0.9236    0.9744    0.9673    0.4721   0.03515   0.05501  0.002043
   311/399    0.524G   0.02732   0.05161  0.001626   0.08056        10       320    0.9172    0.9669    0.9487    0.4726    0.0352   0.05481  0.001975
   312/399    0.524G   0.02739   0.05321  0.001817   0.08241         6       320    0.9273    0.9669     0.954    0.4761   0.03583    0.0561  0.002062
   313/399    0.524G   0.02745   0.05274  0.001751   0.08194        11       320      0.92    0.9669    0.9509    0.4767   0.03601   0.05669  0.002483
   314/399    0.524G   0.02821   0.04967  0.002039   0.07992         7       320    0.9371    0.9773     0.966    0.4749   0.03564   0.05594  0.002402
   315/399    0.524G   0.02734   0.05125  0.001911   0.08051         7       320    0.9458    0.9849    0.9812    0.4797   0.03562   0.05564  0.001899
   316/399    0.524G   0.02737   0.05143  0.001447   0.08025        15       320    0.9561    0.9849     0.982    0.4772   0.03588   0.05622  0.001826
   317/399    0.524G   0.02732   0.05071   0.00162   0.07965         8       320    0.9608    0.9849    0.9821    0.4728    0.0354   0.05562  0.001857
   318/399    0.524G   0.02694   0.05058  0.001429   0.07894         9       320    0.9613    0.9849    0.9814    0.4771   0.03598   0.05591  0.001829
   319/399    0.524G   0.02706   0.05059  0.001336   0.07898        12       320     0.954    0.9773    0.9653    0.4644   0.03631   0.05676  0.001923
   320/399    0.524G   0.02697   0.04854  0.001315   0.07683         7       320    0.9608    0.9849    0.9818    0.4749   0.03595   0.05635  0.001896
   321/399    0.524G   0.02724   0.05039  0.001661    0.0793         6       320    0.9504    0.9773    0.9679    0.4686   0.03606   0.05716  0.001868
   322/399    0.524G   0.02759   0.05095  0.001758    0.0803         7       320    0.9402    0.9669     0.952    0.4584   0.03656   0.05847  0.001897
   323/399    0.524G   0.02714   0.05103  0.001575   0.07974         5       320    0.9461    0.9773    0.9674    0.4663   0.03629   0.05791  0.001942
   324/399    0.524G   0.02723   0.05185  0.001503   0.08058         6       320    0.9561    0.9849    0.9818    0.4667   0.03588   0.05722  0.002044
   325/399    0.524G   0.02724   0.05237  0.001575   0.08118        18       320    0.9559    0.9849    0.9805    0.4662   0.03537   0.05687  0.002101
   326/399    0.524G   0.02683   0.05394   0.00183   0.08261        20       320     0.954    0.9849    0.9783    0.4651   0.03534    0.0563  0.002412
   327/399    0.524G     0.027   0.05135  0.001689   0.08003         9       320     0.949    0.9849    0.9786    0.4571   0.03573   0.05709  0.002393
   328/399    0.524G   0.02731   0.05348  0.002292   0.08308         7       320    0.9532    0.9849    0.9824    0.4571   0.03613   0.05789  0.002041
   329/399    0.524G   0.02672   0.04901  0.001674    0.0774         9       320     0.948    0.9773    0.9679    0.4658   0.03599   0.05766  0.002023
   330/399    0.524G   0.02694   0.04942  0.001775   0.07813         4       320    0.9507    0.9773    0.9674    0.4666   0.03638   0.05768  0.001937
   331/399    0.524G   0.02677   0.05104  0.001892    0.0797        15       320     0.944    0.9849    0.9808    0.4578   0.03631   0.05747  0.002047
   332/399    0.524G   0.02693   0.05063   0.00186   0.07942         7       320    0.9353    0.9849    0.9805    0.4657   0.03603   0.05733  0.002213
   333/399    0.524G   0.02729   0.05115  0.001541   0.07998        11       320     0.934    0.9849    0.9813     0.476    0.0356   0.05707   0.00247
   334/399    0.524G   0.02642   0.04884   0.00152   0.07678         6       320    0.9445    0.9849    0.9819    0.4662   0.03548   0.05691  0.002186
   335/399    0.524G   0.02642   0.04862  0.001483   0.07652         7       320    0.9493    0.9849    0.9817    0.4751   0.03558     0.058  0.002008
   336/399    0.524G   0.02669   0.05115  0.001549    0.0794        13       320    0.9537    0.9849    0.9816    0.4694   0.03554   0.05781  0.001994
   337/399    0.524G   0.02694   0.05083  0.001581   0.07935         7       320    0.9437    0.9744    0.9683    0.4677    0.0359   0.05823  0.002008
   338/399    0.524G   0.02662   0.05071  0.001074    0.0784        12       320    0.9565    0.9849    0.9816    0.4758   0.03577   0.05888  0.002053
   339/399    0.524G   0.02643   0.05098  0.001503   0.07891         8       320    0.9561    0.9849    0.9811    0.4835   0.03571   0.05874  0.002079
   340/399    0.524G   0.02688   0.05218  0.001444    0.0805         8       320    0.9529    0.9849    0.9807    0.4866   0.03589   0.05897  0.002083
   341/399    0.524G   0.02653   0.04956  0.001391   0.07749         7       320    0.9482    0.9849     0.981    0.4808   0.03652   0.05921  0.002105
   342/399    0.524G   0.02661   0.05185  0.002076   0.08054        19       320    0.9457    0.9849    0.9819    0.4762    0.0363   0.05909  0.002144
   343/399    0.524G   0.02634   0.04668   0.00127   0.07429        10       320    0.9501    0.9849    0.9812    0.4797   0.03582   0.05805  0.002122
   344/399    0.524G   0.02646   0.04906  0.001864   0.07738        11       320    0.9406    0.9849    0.9816     0.465   0.03609   0.05787  0.002036
   345/399    0.524G   0.02591   0.05147  0.001627     0.079        13       320    0.9232    0.9744    0.9653    0.4626   0.03637   0.05803  0.002124
   346/399    0.524G   0.02628   0.04847  0.001701   0.07645         9       320    0.9455    0.9849     0.981    0.4641   0.03619    0.0578  0.002106
   347/399    0.524G   0.02592   0.05011  0.001668    0.0777         7       320     0.941    0.9744    0.9643    0.4646   0.03634   0.05731  0.002107
   348/399    0.524G   0.02694   0.05116   0.00183   0.07993        14       320    0.9386    0.9744    0.9658    0.4732   0.03592   0.05649  0.002008
   349/399    0.524G   0.02632   0.05055  0.001833    0.0787         9       320    0.9504    0.9744    0.9679    0.4779    0.0359   0.05628  0.001942
   350/399    0.524G   0.02657   0.05074  0.001699   0.07901        12       320    0.9458    0.9744    0.9659     0.477   0.03596   0.05686  0.001982
   351/399    0.524G   0.02587   0.04901  0.001782   0.07667        15       320    0.9383    0.9744    0.9626    0.4812   0.03584   0.05602  0.002256
   352/399    0.524G   0.02639   0.04911   0.00154   0.07705        23       320    0.9308    0.9744    0.9623    0.4817   0.03548   0.05656  0.002319
   353/399    0.524G   0.02609    0.0497  0.001632   0.07742        12       320    0.9281    0.9744    0.9592    0.4713   0.03584   0.05725  0.002535
   354/399    0.524G   0.02559   0.04819  0.001493   0.07528        10       320    0.9333    0.9744    0.9624    0.4734    0.0361   0.05764  0.002295
   355/399    0.524G    0.0256   0.04962  0.001715   0.07694         7       320    0.9424    0.9849    0.9805    0.4732   0.03601   0.05798  0.002325
   356/399    0.524G   0.02566   0.04979  0.001514   0.07696         8       320    0.9471    0.9849    0.9768    0.4727   0.03575   0.05753  0.002554
   357/399    0.524G   0.02574    0.0495  0.001563   0.07679        13       320    0.9425    0.9849    0.9769    0.4864   0.03562   0.05791   0.00253
   358/399    0.524G   0.02551   0.04396  0.001591   0.07106        11       320    0.9436    0.9849    0.9783    0.4873   0.03562   0.05844   0.00241
   359/399    0.524G   0.02634   0.04982  0.001514   0.07767        10       320    0.9479    0.9849    0.9769    0.4829   0.03557   0.05828  0.002501
   360/399    0.524G    0.0262   0.05111  0.001567   0.07888         2       320    0.9517    0.9849    0.9777    0.4736   0.03586   0.05807  0.002244
   361/399    0.524G   0.02571   0.04998  0.001547   0.07724        11       320    0.9466    0.9849    0.9809     0.469   0.03639    0.0589  0.002039
   362/399    0.524G   0.02572   0.04827  0.001637   0.07563        14       320    0.9465    0.9849    0.9806    0.4723   0.03655   0.05872  0.002055
   363/399    0.524G   0.02571   0.04868  0.001463   0.07585        14       320    0.9557    0.9849    0.9806    0.4736   0.03598   0.05827  0.002031
   364/399    0.524G    0.0258   0.05012   0.00136   0.07728        13       320     0.956    0.9849    0.9809    0.4806   0.03567   0.05771  0.002045
   365/399    0.524G   0.02596   0.04868  0.001607   0.07625        12       320    0.9555    0.9849    0.9781    0.4771   0.03568   0.05771  0.002279
   366/399    0.524G   0.02544   0.04687  0.001523   0.07384         9       320    0.9565    0.9849    0.9798    0.4811   0.03569   0.05794  0.002068
   367/399    0.524G   0.02566   0.04753  0.001266   0.07447         6       320    0.9493    0.9773    0.9648     0.472   0.03565   0.05862  0.002038
   368/399    0.524G   0.02494   0.04813  0.001224    0.0743        20       320     0.945    0.9773     0.963    0.4753   0.03563   0.05878  0.002128
   369/399    0.524G   0.02534   0.04716  0.001502   0.07401         5       320    0.9465    0.9849    0.9778    0.4667   0.03578   0.05909  0.002416
   370/399    0.524G   0.02561    0.0489   0.00152   0.07604        14       320    0.9444    0.9849    0.9781    0.4738   0.03602   0.05981  0.002415
   371/399    0.524G   0.02515   0.04773   0.00147   0.07435        12       320    0.9414    0.9849    0.9795    0.4843   0.03585   0.05947  0.002314
   372/399    0.524G   0.02577    0.0496  0.001388   0.07676        13       320    0.9426    0.9849    0.9808     0.482   0.03601   0.05983  0.002083
   373/399    0.524G   0.02603   0.05127  0.001612   0.07891        19       320    0.9448    0.9849    0.9804    0.4757   0.03616   0.05909   0.00196
   374/399    0.524G   0.02586   0.04919  0.001625   0.07667        19       320    0.9446    0.9849     0.981    0.4727    0.0361     0.059  0.001955
   375/399    0.524G   0.02526   0.04923  0.001426   0.07591        20       320    0.9484    0.9849    0.9815    0.4684   0.03597   0.05932  0.002124
   376/399    0.524G    0.0254   0.05124  0.001672   0.07831        20       320    0.9478    0.9849    0.9817    0.4805   0.03581   0.05929  0.002141
   377/399    0.524G   0.02542   0.05163  0.001203   0.07825        13       320    0.9492    0.9849    0.9818    0.4769    0.0357   0.05913   0.00194
   378/399    0.524G   0.02589    0.0489  0.001492   0.07628         8       320    0.9561    0.9849    0.9814    0.4776   0.03576   0.05836  0.001745
   379/399    0.524G   0.02544   0.04739  0.001708   0.07453         7       320    0.9562    0.9849    0.9814    0.4782   0.03577   0.05782  0.001677
   380/399    0.524G    0.0252   0.04765  0.001756   0.07461        17       320    0.9498    0.9849    0.9809    0.4743   0.03579   0.05797  0.001779
   381/399    0.524G   0.02535   0.04782  0.001877   0.07505         6       320    0.9407    0.9849    0.9816    0.4682   0.03569    0.0584  0.001997
   382/399    0.524G   0.02514   0.04694  0.001567   0.07365         9       320    0.9454    0.9849    0.9814    0.4787   0.03595   0.05898  0.002084
   383/399    0.524G   0.02516    0.0472  0.001848   0.07421         6       320    0.9266    0.9849    0.9799    0.4796   0.03594   0.05931  0.002295
   384/399    0.524G   0.02522   0.04714  0.001667   0.07403        12       320    0.9202    0.9744    0.9643    0.4826   0.03596   0.05974  0.002203
   385/399    0.524G   0.02513   0.04619  0.001412   0.07273         6       320    0.9345    0.9744     0.964    0.4833   0.03572   0.05948  0.002154
   386/399    0.524G   0.02476   0.04684  0.001424   0.07303        14       320    0.9395    0.9773    0.9661    0.4968   0.03516   0.05873    0.0023
   387/399    0.524G   0.02485   0.04921  0.001351   0.07541         6       320    0.9291    0.9773    0.9651    0.4806    0.0354   0.05935  0.002353
   388/399    0.524G   0.02507   0.04768  0.001468   0.07422         7       320     0.916    0.9773    0.9667    0.4838   0.03579   0.05967  0.002098
   389/399    0.524G   0.02537    0.0485  0.001216   0.07509         9       320    0.9052    0.9773    0.9667     0.479   0.03583   0.05954  0.001924
   390/399    0.524G   0.02533   0.04928   0.00117   0.07578        13       320    0.9184    0.9773    0.9664    0.4808   0.03595   0.05953  0.001968
   391/399    0.524G   0.02517   0.04934   0.00124   0.07576         4       320     0.923    0.9773    0.9677    0.4827   0.03575   0.05878  0.002105
   392/399    0.524G   0.02507    0.0495  0.001673   0.07624         7       320    0.9396    0.9849    0.9815     0.489   0.03549   0.05811  0.002001
   393/399    0.524G   0.02485    0.0456   0.00159   0.07204         6       320    0.9347    0.9849    0.9813    0.4925   0.03536   0.05826  0.002004
   394/399    0.524G   0.02502   0.04778  0.001479   0.07428         5       320    0.9224    0.9849    0.9814    0.4879   0.03539   0.05847  0.002009
   395/399    0.524G   0.02552   0.05024   0.00119   0.07695        16       320    0.9303    0.9849    0.9812    0.4793   0.03552   0.05882  0.002021
   396/399    0.524G   0.02523    0.0495  0.001549   0.07627         7       320    0.9381    0.9849    0.9813    0.4772   0.03559   0.05926  0.001984
   397/399    0.524G   0.02512   0.04916  0.001556   0.07583        14       320    0.9241    0.9773    0.9659    0.4739   0.03534   0.05943  0.002076
   398/399    0.524G   0.02522   0.04816  0.001404   0.07479        14       320    0.9289    0.9773     0.966    0.4764   0.03537   0.05905   0.00202
   399/399    0.524G   0.02527   0.04958  0.001557    0.0764         7       320    0.9427    0.9849    0.9813    0.4779   0.03558   0.05929   0.00207
